105 112
110 114
115 119
116 120
117 124
118 130
118 134
117 139
115 145
113 150
112 154
110 160
109 165
109 170
110 174
115 181
120 183
125 183
130 183
135 181
140 177
144 174
144 170
148 165
151 163
153 160
155 158
160 155
165 151
169 145
171 140
170 137
165 137
160 136
156 136
151 131
155 128
150 127
145 127
140 127
135 125
131 123
128 120
135 115
130 112
124 110
120 107
115 104
112 100
110 95
106 90
110 88
114 87
109 83
105 80
100 77
98 75
95 70
93 65
91 60
91 55
91 50
95 53
100 55
105 58
110 61
155 63
120 64
125 65
130 66
135 67
140 67
145 67
150 68
155 69
160 70
165 73
170 76
173 80
178 84
181 90
184 95
187 100
189 105
191 110
197 114
200 110
203 100
205 89
207 78
201 77
198 76
205 71
210 69
215 65
220 59
225 56
230 56
233 56
236 59
240 59
245 59
250 65
245 65
240 67
236 70
240 72
245 71
246 70
245 74
242 75
234 76
233 80
233 84
234 90
236 94
239 100
243 104
245 109
247 113
245 115
246 120
246 129
244 129
242 134
239 139
235 145
233 148
232 155
231 160
230 169
229 174
229 180
231 189
238 190
245 194
246 199
221 199
218 180
217 175
214 170
214 165
213 161
210 158
208 155
206 150
205 154
210 162
205 168
193 169
187 172
180 166
176 164
172 164
179 169
184 174
185 180
185 184
181 192
195 192
199 194
201 199
146 199
140 195
140 187
135 189
129 190
124 190
120 190
115 188
110 185
106 180
104 175
103 170
103 165
104 160
106 155
107 150
109 146
111 140
113 135
113 130
109 130
105 125
104 120
102 115
100 110